id,label
11151,1
10992,5
12196,7
11258,8
13596,5
13166,8
14376,6
12335,10
14667,1
10394,8
12611,10
14102,8
12459,10
14551,4
11386,3
12986,7
13257,9
12901,1
12456,10
13814,3
11705,2
11936,8
13352,6
12254,10
14669,2
13163,1
13308,2
14228,10
14001,1
13768,9
12032,7
13119,3
10989,7
12351,10
10626,7
13302,5
10407,3
14309,1
12235,7
11105,10
14134,10
11559,8
12590,7
11430,2
13296,9
13545,7
13665,8
13866,4
13888,6
14520,9
11844,2
10397,4
12012,7
14540,8
11094,8
13136,8
11667,9
13475,5
11537,2
10265,3
14451,4
14646,7
11074,7
14036,4
14320,3
14636,2
13091,9
14658,2
12388,10
14258,7
13836,4
13512,9
13724,2
11619,7
13030,9
10078,2
13608,2
10559,9
11070,10
14400,2
10254,3
11914,8
13171,1
12890,8
10136,9
12844,3
12684,9
13597,3
13706,4
12317,9
11030,9
14073,10
10569,8
14288,7
12460,5
13040,7
13017,2
10730,7
10987,7
11592,10
14062,1
11948,7
13044,9
12805,4
14399,9
13230,8
10454,2
13703,7
12532,8
11113,4
14159,9
12672,8
12646,3
13872,8
13970,9
12033,7
12024,4
10189,10
10671,9
11391,9
13118,7
11295,3
13403,3
12149,8
13985,2
10668,10
13048,1
11934,2
12704,2
13611,9
10917,2
13969,8
11046,8
14523,7
10654,1
11342,2
14000,9
14174,9
12662,4
10963,7
14183,8
10278,10
12802,1
14511,10
10607,9
12783,7
11095,1
14225,3
10918,8
12058,1
11737,1
13149,7
13838,9
11083,9
11077,5
13069,10
14168,9
13841,8
10433,1
12354,3
13157,8
12172,2
11052,5
14434,3
10251,5
12836,1
11745,3
12989,7
10062,1
10796,9
14025,4
14227,2
12710,2
13598,2
10145,9
13562,2
10242,4
12071,8
13340,1
12184,7
11718,10
12690,9
11797,1
11208,9
11899,6
14301,1
12676,5
11337,4
10598,10
13436,5
12983,9
13225,2
14648,6
10159,7
11441,7
11547,4
14569,6
10376,4
12669,3
12685,8
12185,2
13851,10
12923,8
11515,10
10384,10
14406,2
12816,7
14525,7
12300,5
14630,3
11740,2
13965,1
11554,7
10819,6
10399,1
13071,9
13952,5
13227,3
14177,1
11778,10
12313,1
13208,1
10536,7
13923,9
12419,8
11389,10
11749,2
13002,8
12814,5
12227,9
11120,8
13458,1
13772,9
11666,2
14433,10
13957,8
10193,8
14175,2
11232,10
10142,1
12962,8
11034,7
10009,7
11215,8
11431,6
11148,2
12144,2
12430,4
13082,1
10168,4
12606,2
10882,7
14393,4
13854,4
14269,9
12675,1
10681,5
10369,6
11579,9
13763,10
12580,7
13021,2
13881,9
14461,4
11530,2
12307,2
10748,7
13445,8
14531,2
11958,9
12724,8
11728,2
11497,9
12718,5
12847,1
12904,10
14330,8
14241,1
10939,7
10755,1
12183,1
14350,4
12813,6
10656,7
10745,9
10567,2
10003,6
12551,3
11846,4
11266,8
10640,1
13928,6
13502,7
11487,1
13818,10
13945,3
13521,7
10540,8
12023,9
10888,9
14625,7
10171,9
12083,8
12073,2
12298,5
10348,1
12832,10
13106,2
11275,7
11377,8
10511,8
12518,9
13767,10
14382,9
11193,4
12798,2
10614,7
13820,9
11017,2
14655,10
13972,6
11794,7
14568,10
11843,9
10012,6
10832,7
13531,7
13926,10
14348,6
10879,9
10543,8
10113,7
14195,2
13092,7
12831,7
13417,5
10013,5
10686,5
11320,2
12090,7
10192,9
11055,1
13117,7
11078,1
13451,9
11358,7
13694,5
11784,4
11550,2
12775,6
13286,2
12036,1
10034,2
14603,2
12115,2
10236,10
14286,7
13400,7
13087,4
12974,9
11403,9
13753,9
14377,7
11908,2
14465,10
13116,6
12383,8
10503,8
14237,1
12182,3
14548,2
11197,7
11531,9
10822,5
14485,9
13537,7
10361,10
10340,1
13452,7
11731,8
13492,6
12343,9
11009,3
13047,5
11521,8
11759,2
14240,4
11356,10
12748,3
13852,7
12866,9
14005,7
12217,8
13815,5
14004,8
11575,8
13505,9
10723,2
11607,1
13634,9
10549,9
10180,4
13345,9
11317,2
10777,2
11810,1
10166,7
13990,9
11414,5
10508,8
12443,9
10887,9
13204,2
12275,7
11654,3
14454,8
12427,4
10294,7
12929,2
13787,10
14410,2
14443,10
12096,5
10489,6
14137,9
12771,7
14621,1
11767,8
10858,7
13418,5
11603,7
12299,2
12005,8
10622,7
12948,8
12038,1
14178,2
14306,6
14371,6
12166,8
12476,7
10505,10
13110,7
12253,9
12242,6
11072,9
10017,6
13747,9
12136,6
13383,6
12637,5
11965,4
13717,5
11953,8
12650,3
13111,5
14238,2
13174,8
10854,8
13660,8
13223,7
12231,7
13635,3
13585,7
13285,7
10435,8
11455,7
12339,2
12010,7
10239,2
14464,1
13707,10
11542,2
12249,8
12304,5
14604,8
11702,9
10354,2
11930,10
11729,8
11407,9
12206,10
10528,9
13159,7
11071,2
13812,10
13380,7
11082,10
11709,8
13460,9
12936,10
10019,8
12360,8
12791,8
12932,8
13489,2
10388,1
10364,9
10554,7
11768,4
12985,9
10651,10
13262,10
13529,2
11693,4
14188,9
10262,3
14257,10
14189,9
11460,2
13734,1
13761,10
13786,7
10221,7
10641,8
13443,2
14618,9
10343,3
14538,6
12410,2
14282,9
11552,4
11289,6
10632,4
12648,10
14299,8
11761,3
10046,3
14468,3
10421,9
13072,1
14314,7
11090,1
12390,10
11691,9
12399,7
10579,4
10434,3
12872,3
12318,9
12870,6
14325,9
13485,8
11816,2
10637,10
14372,8
11882,10
10778,8
14340,9
13940,2
10761,10
12585,6
10037,4
10029,10
11170,6
10618,9
12967,7
10415,9
13438,9
14536,8
12636,7
14031,1
11828,9
10409,3
14064,3
13785,4
13803,8
12613,1
14632,4
14650,9
10552,10
13904,3
12267,8
12677,2
12156,7
10070,1
14105,1
12165,4
13294,3
14560,8
13805,7
13516,8
14360,10
10646,2
14218,6
13769,5
13152,7
13290,2
14181,7
11434,1
12931,9
10999,8
14543,6
13058,6
11699,10
14515,7
10708,1
14148,10
14544,3
11228,8
12758,1
10284,6
12960,9
14374,1
14668,1
11815,8
10843,8
12992,5
10852,2
12347,2
12075,5
13871,8
13267,1
12114,9
13390,6
13482,9
11708,8
11782,7
12757,3
11085,8
11190,1
10389,7
10537,5
13528,2
12541,5
10624,7
11442,10
11380,10
12325,2
11458,8
14029,4
11129,9
11703,2
11806,3
13054,10
13844,1
11463,10
11468,4
10195,8
12806,2
10327,4
12652,10
10965,7
12925,1
13249,1
13081,10
12909,9
10281,1
10732,10
11900,9
13699,7
10120,7
14366,4
12204,7
13423,10
10519,7
13298,8
12257,4
14081,5
10711,4
12647,2
11359,9
12998,10
10450,4
11097,7
13293,6
10548,3
12367,3
13621,10
11180,8
14537,2
11127,7
12067,9
12417,7
12034,2
13289,4
13695,6
12700,7
10785,10
13131,3
13870,6
13911,10
12414,2
13132,1
11027,7
13234,7
11864,1
13338,6
12899,10
14663,8
11327,7
13714,8
11154,10
14622,1
13216,7
12942,7
10749,1
10098,8
13123,2
10086,7
10404,4
13603,3
11529,7
10346,8
13758,8
11398,9
12259,7
13359,9
11883,2
10310,7
11341,2
11075,7
12321,2
11229,2
10337,8
11544,1
11192,2
13012,9
11920,9
11956,3
10276,8
12477,3
10912,9
11887,2
13716,4
13996,1
14063,1
13060,9
14012,2
11776,1
12220,3
10652,9
12644,8
13364,8
10345,9
11860,2
14170,2
11044,4
12412,10
14019,10
10595,7
13274,2
13827,7
13431,7
11111,8
11179,7
11808,3
12770,10
12871,10
13503,3
13266,3
10880,7
10576,7
12868,7
12628,8
11439,10
13949,10
12246,1
14285,8
12763,8
11168,8
12817,8
13337,2
13613,9
10462,8
13304,9
13672,1
14368,10
11354,1
13536,4
12105,9
11910,2
14389,6
10130,3
11803,10
13316,4
13942,9
12655,10
13381,7
12007,7
10106,9
10092,4
10162,1
13589,2
12982,4
13835,6
10994,6
13808,9
11833,5
12274,7
14088,10
13764,4
11493,10
11714,9
13125,9
10231,4
12042,3
13617,9
12091,3
11019,8
10202,5
12094,2
10237,8
12070,10
11796,8
14577,10
12289,3
12064,4
13643,8
11826,9
13120,3
13004,4
14565,5
13323,1
13752,1
14561,2
11332,10
12188,2
12638,4
11581,8
11549,1
14444,10
11773,3
12804,4
11196,7
14594,10
13457,7
10609,8
10909,2
14280,8
12127,9
14437,2
10792,10
12268,9
12862,7
11500,9
14341,7
13465,7
10841,4
10061,10
12076,2
12333,10
10173,7
14259,4
10627,7
11577,2
12439,10
14599,8
13063,7
12834,2
12103,6
10766,2
10487,1
14050,7
12198,1
13128,10
12926,3
12377,2
11396,7
11857,1
13256,9
13958,8
12117,8
11160,7
12426,10
10191,7
11303,3
10936,7
10670,1
10091,8
10802,3
12287,6
11420,10
11983,2
14085,10
13432,2
13794,10
10633,1
13358,1
11969,2
12232,3
13509,4
10107,4
12557,4
11054,10
13199,5
10494,2
11400,1
11725,4
10108,1
12181,9
10338,3
11447,8
11991,6
11986,3
12396,1
11259,3
12201,7
12451,8
13879,8
12878,5
12577,2
14472,9
10582,7
13362,4
13252,9
14505,10
11333,7
13976,3
12903,6
13191,1
12902,10
11240,8
12323,5
12778,8
10226,9
12550,1
14054,4
12516,6
13889,8
11925,10
11198,5
12375,6
14016,4
14361,8
11363,10
11932,10
14326,3
10901,5
10868,7
13541,9
12498,1
11885,4
11330,10
12895,10
11418,4
12499,8
10781,5
10326,6
14581,4
13798,2
13859,3
12494,10
11591,3
10876,9
13241,1
11495,8
13549,6
10075,6
11114,1
10228,2
13419,2
13430,10
14479,5
14231,7
12020,9
13751,8
11238,6
10727,8
12469,9
13038,8
14150,2
14304,2
13127,8
12207,10
14514,4
13035,1
10496,8
14654,8
10412,3
11993,3
14213,2
12807,4
12479,5
14245,5
12605,9
13312,8
14442,10
11157,3
11852,8
10220,9
10115,2
11938,7
12500,1
14626,7
11611,4
10709,4
11704,4
13084,7
11451,1
10759,3
11701,9
10957,1
12750,2
11056,2
11612,8
13907,8
12741,9
10360,3
12045,2
14157,6
13263,7
14020,9
11802,1
13914,4
11417,2
11183,1
10919,3
12720,2
10246,10
11301,3
12506,7
12366,10
11791,7
13467,7
10666,10
11372,1
10249,8
14322,4
11036,6
11182,7
13122,10
10089,1
11562,8
11855,2
13484,10
14653,9
14539,9
10878,2
12996,6
11615,8
11501,10
13555,9
13206,9
14476,7
14364,2
13568,9
10164,9
11877,9
11415,3
14431,7
14160,3
11889,9
14082,9
11700,10
13729,9
13675,9
14335,4
12432,7
12794,8
12190,3
11155,5
12896,7
10188,8
12381,7
10386,9
10570,2
12702,7
11548,7
10393,9
12004,6
11482,2
10931,8
14440,5
11918,5
12699,10
14506,9
14219,4
14287,8
13028,1
12924,8
12306,1
13275,1
13662,5
14427,3
12697,6
12186,9
14232,2
11758,8
13104,8
13039,3
10373,7
13200,1
13834,4
10465,8
13194,10
11939,2
11397,4
11438,8
13712,1
13527,4
10175,7
11923,9
10707,2
13363,9
14197,2
10891,9
11978,7
13749,6
14452,8
13469,7
12657,7
11638,9
12008,7
12950,2
11642,2
13346,7
14532,7
13523,7
11309,4
11479,4
11319,9
12632,9
11202,3
11084,10
13142,1
10144,6
12113,8
13153,10
13960,8
14620,7
11738,9
12445,10
10258,1
11673,2
12145,10
13832,1
11769,8
10512,2
13278,7
12356,3
10518,5
13519,3
10301,8
13939,2
14067,6
10143,2
11878,6
14504,10
13934,7
10395,1
11339,7
11763,2
13587,10
13906,10
12558,6
10492,7
12556,7
11820,8
10531,2
14077,2
11124,9
13998,3
10073,3
13770,1
12043,2
11253,8
13121,7
12661,9
11491,8
12666,4
11402,8
14182,2
13929,7
11684,8
10728,9
13271,1
12483,10
10382,7
12917,8
13077,7
10269,9
11045,1
14609,8
14401,4
10011,4
12119,8
13022,7
12003,8
12283,9
11580,9
11023,1
13176,8
10877,10
11563,7
10244,6
11979,8
13242,6
13393,2
10630,8
10734,10
11262,1
10533,10
11928,10
10050,8
14598,9
13453,4
12564,6
13573,3
11059,8
13397,4
10154,10
14576,2
14294,7
12228,6
12222,8
11903,10
13488,9
14141,10
13624,2
13698,2
14496,8
13504,7
13629,5
12163,2
10859,7
14417,10
10280,9
12744,4
10499,4
12660,7
10420,9
12173,10
11475,6
12607,7
12900,5
12074,8
12505,10
11068,8
12858,3
13281,2
13877,6
10470,1
13748,3
10367,7
13645,4
10945,8
10932,7
11505,7
13181,4
11516,10
11492,4
11814,7
10542,7
12276,9
11013,7
10201,9
10261,1
12151,7
13725,7
10941,10
13089,10
14118,9
10885,10
12523,8
13406,8
10949,3
11771,3
12311,7
11980,10
12566,10
14034,7
13702,9
10039,7
13921,4
12654,10
14200,7
14312,7
14332,7
10126,8
13189,1
11199,1
13530,10
12830,4
11032,8
10385,10
12756,2
13499,8
11681,9
10509,9
12266,3
10324,4
12880,1
13405,4
11963,1
13062,7
14526,7
14611,9
11545,2
10934,7
11867,9
14489,8
10971,9
13938,8
10125,7
13653,7
12363,2
12717,1
10490,7
11632,9
10259,5
14164,1
10970,2
11626,1
12028,1
11578,7
12692,5
10808,1
14651,9
12139,7
12995,4
11750,8
13170,4
11473,8
13971,8
10725,7
10289,1
11697,4
11513,2
10506,2
10460,2
10698,2
13238,1
11675,9
10682,8
13353,7
13026,8
12664,4
10978,4
13428,10
11367,8
13659,5
11856,2
13908,7
13300,2
13902,7
14470,4
14414,7
12372,2
13620,6
11884,9
10132,9
12833,4
12230,7
10204,9
13671,2
10491,9
11723,2
10895,4
12286,6
13954,4
11123,2
14351,4
12808,10
10964,9
11736,7
10530,2
11203,2
13534,5
14524,5
11383,2
12167,2
11989,7
12822,8
12968,4
10760,10
10594,5
11685,2
10288,7
12586,10
12385,10
13848,5
12142,3
10219,8
11249,2
12329,2
11565,8
10493,7
14230,10
10765,10
13554,5
10830,7
10247,8
13746,10
13574,3
10605,10
12464,7
12449,8
11204,8
13076,2
14355,9
10691,7
11781,10
14211,5
10321,7
10453,1
11308,2
13807,2
12634,9
13306,7
14283,3
12888,9
10032,1
14083,10
11104,8
11384,9
10362,10
12975,10
13165,8
11711,8
12765,6
14010,6
10063,9
14347,4
10458,4
11472,2
13167,1
11874,5
12553,8
10557,10
13569,1
13771,7
13421,6
13486,7
12281,10
12125,3
12324,4
12633,7
13434,1
11859,1
10479,2
12011,4
11968,6
12170,8
13260,10
10024,5
12255,7
13441,9
13481,5
10134,6
11366,10
11267,8
13179,8
12678,2
10428,3
11065,8
11770,8
10256,9
12531,4
13292,2
13759,3
10968,8
10771,8
10535,8
11894,10
11280,6
13625,9
11677,9
11944,3
14307,4
11872,10
13762,7
14466,7
12474,7
11236,2
12626,2
10177,7
13540,8
14446,9
11952,7
12608,7
14212,3
11676,6
10072,9
12052,9
10935,5
11115,9
10392,8
12943,3
10095,5
11974,9
14607,3
11519,6
11489,4
11951,3
10071,10
14216,6
12162,7
12018,6
10475,7
10270,2
12736,7
11020,9
11800,6
12308,10
12066,2
10405,6
13865,2
12233,7
14369,8
12835,2
12368,10
13319,10
12764,8
13688,8
10417,3
13733,5
10706,8
10665,1
12792,7
12503,1
13336,8
11689,1
13506,9
11446,1
11321,4
13236,8
10694,10
14180,2
13622,5
11992,10
11512,10
14295,8
10093,4
12461,1
14398,2
14169,10
11244,9
14379,1
11779,7
10299,10
14616,7
11584,10
10807,6
10544,9
14204,2
10905,2
11602,1
10827,4
12471,2
11494,8
14149,1
13680,3
13321,9
12595,8
10440,9
12852,8
10555,8
13899,4
11572,5
10501,10
10898,2
12403,10
12210,9
12774,6
12615,4
12135,2
13890,4
14117,2
12014,5
11490,9
14365,2
11018,5
10793,7
10680,6
10155,7
11254,9
11831,1
14072,10
14666,2
13886,6
14552,1
10606,1
12853,8
10448,8
13612,8
12481,7
14499,7
12485,7
10782,8
13355,7
14407,2
14492,10
10952,3
10744,4
11961,8
12355,9
12898,5
13522,10
10240,1
12535,5
12860,10
10308,2
10655,7
13631,10
11535,7
12089,4
10198,9
10007,2
10002,10
